#STOCK,N-PTS,COMB-R,KFRT-BETA,IMB-BETA
A,0.127127,30708,0.142618,1.190235
AA,0.117925,30717,0.237193,4.732100
AAP,0.115090,30707,0.078461,0.880874
AAPL,0.070365,30727,0.294971,1.007291
ABC,0.148985,30708,0.078474,1.791283
ABII,0.070525,28434,0.043676,0.042571
ABT,0.111865,30707,0.062607,1.686819
ACAS,0.120545,30707,0.100539,5.224837
ACF,0.139428,30707,0.101106,0.820988
ACGL,0.186726,30707,0.077764,0.714708
ACI,0.096378,30707,0.097288,1.301613
ACM,0.164834,30707,-0.014023,0.959222
ACS,0.111598,30707,0.088719,0.487931
ACV,0.194085,30707,0.110369,0.784087
ADBE,0.087522,30708,0.018424,1.596560
ADCT,0.182825,30708,0.077755,2.101348
ADI,0.104636,30708,0.147497,1.056213
ADM,0.124420,30707,0.103749,1.753281
ADP,0.121905,30707,0.137753,1.064137
ADS,0.152797,30707,0.160267,0.490329
ADSK,0.129877,30709,0.111280,1.898056
AEE,0.167987,30707,0.149658,1.298786
AEO,0.115640,30707,0.133381,1.310595
AEP,0.119296,30707,0.154529,1.570034
AES,0.113406,30707,0.177238,1.450158
AET,0.095586,30707,0.065900,1.447276
AF,0.164640,30707,0.109436,1.046497
AFG,0.167946,30707,0.112720,0.547883
AFL,0.070673,30707,0.004668,0.942041
AGN,0.130719,30707,0.105430,0.843913
AIG,0.048219,30709,0.040573,1.040083
AIV,0.119612,30707,0.071202,1.382484
AIZ,0.138895,30707,0.031621,1.151543
AJG,0.197774,30707,0.095542,0.706416
AKAM,0.118585,30709,0.199440,1.446168
AKS,0.091285,30708,0.041286,1.594580
ALB,0.174857,30707,0.186391,0.564810
ALD,0.143422,30709,0.137073,1.281783
ALEX,0.127763,30676,0.106289,0.372969
ALL,0.109539,30707,0.115786,1.089765
ALTR,0.086700,30707,0.052115,1.289737
ALV,0.158262,30707,0.167040,0.669790
AMAT,0.126368,30708,0.214964,0.510006
AMB,0.101075,30707,0.125582,0.776916
AMD,0.143994,30708,0.226626,2.604249
AME,0.202745,30707,0.153835,0.608497
AMG,0.193861,30707,0.129361,0.696855
AMGN,0.083509,30707,0.174782,0.897843
AMLN,0.121739,30585,0.091925,1.693525
AMP,0.094522,30707,0.007458,1.131781
AMR,0.113783,30708,0.201345,1.551305
AMT,0.125253,30707,0.025767,1.298853
AMTD,0.133291,30707,0.157401,1.246895
AMZN,0.074935,30718,0.104566,1.139339
AN,0.114503,30707,0.161078,0.923318
ANAT,0.088591,25550,0.053893,0.018867
ANF,0.096182,30707,0.147668,0.991499
ANN,0.123783,30707,0.043652,1.052783
ANR,0.098137,30707,0.189110,0.685055
ANSS,0.169664,30706,0.112188,0.668434
AOC,0.103936,15735,0.028224,0.784649
APA,0.115341,30708,0.201914,1.013437
APC,0.077803,30707,0.081414,1.124851
APD,0.153566,30707,0.231065,0.857607
APH,0.143666,30707,0.134412,0.999502
APOL,0.102109,30707,0.046837,0.951263
ARE,0.164301,30707,0.147710,0.589644
ARG,0.164773,30707,0.205525,0.606097
ARW,0.151260,30707,0.163995,0.821081
ASBC,0.141856,30695,0.063639,1.572093
ASH,0.161739,30706,0.216669,0.869868
ATI,0.108599,30707,0.202980,1.051236
ATK,0.215265,30707,0.110579,0.635180
ATML,0.173518,30708,0.072656,2.230507
ATO,0.170466,30707,0.118424,0.626191
ATR,0.175376,30707,0.097556,0.393670
ATVI,0.133448,30710,0.167173,3.256569
ATW,0.144551,30707,0.181246,0.752200
AVB,0.129363,30707,0.189621,0.589830
AVP,0.106806,30707,0.088250,1.256553
AVT,0.151288,30707,0.180200,0.881891
AVX,0.158379,30680,0.093706,0.329981
AVY,0.145055,30707,0.141951,0.885340
AWH,0.176007,30707,0.085604,0.498735
AWI,0.150995,30696,0.202117,0.520049
AWK,0.140671,30707,0.104291,1.111366
AXP,0.081294,30708,-0.000428,1.937980
AXS,0.144215,30707,0.076320,0.635789
AYE,0.145915,30707,0.131605,1.387898
AZO,0.225147,30707,0.197035,0.623757
BA,0.094749,30707,0.132878,1.159011
BAC,0.103916,30722,0.258563,0.777280
BARE,0.149978,30705,0.117677,1.012337
BAX,0.112935,30707,0.027046,1.266984
BBBY,0.103842,30707,0.124821,0.887695
BBT,0.099938,30707,0.076726,1.487024
BBY,0.086573,30708,0.051756,0.962138
BCO,0.184962,30707,0.115859,0.656787
BCR,0.185512,30707,0.101127,0.816170
BDK,0.134826,30707,0.114978,0.986015
BDN,0.158226,30707,0.142947,1.151635
BDX,0.162397,30707,0.087769,0.959174
BEAV,0.139547,30707,0.093231,0.986429
BEC,0.199356,30707,0.120573,0.746311
BEN,0.164594,30707,0.108560,0.933843
BF.B,0.161647,30707,0.085710,0.413055
BG,0.163119,30707,0.140426,1.017928
BGC,0.175105,30707,0.203234,0.829235
BHI,0.076826,30707,0.019086,1.564551
BIG,0.145332,30707,0.133794,1.033843
BIIB,0.093511,30707,0.012006,1.288317
BJ,0.135760,30708,0.050603,0.733278
BJS,0.128719,30707,0.117944,2.841645
BK,0.092920,30707,0.075027,1.566865
BKC,0.137396,30707,0.121328,1.836260
BKD,0.134092,30703,0.161919,0.557395
BKS,0.124984,30707,0.206110,0.735854
BLK,0.186119,30707,0.092478,0.398089
BLL,0.160348,30707,0.118019,0.714703
BMC,0.129254,30707,0.070396,1.237642
BMRN,0.145458,30704,0.090660,1.000952
BMS,0.166505,30707,0.172162,0.771429
BMY,0.117022,30707,0.132591,3.570219
BNI,0.117749,30707,0.082943,1.262947
BOH,0.159172,30707,0.005526,0.689621
BOKF,0.096010,30509,0.010400,0.326368
BR,0.147522,30707,0.131080,1.109032
BRCD,0.122539,30708,0.176415,1.388411
BRCM,0.089632,30707,0.199533,1.327233
BRE,0.161341,30707,0.148540,0.778851
BRO,0.192045,30707,0.074351,0.879712
BSX,0.109504,30707,0.099959,1.942015
BTU,0.087761,30708,0.046053,1.464412
BUCY,0.114315,30708,0.190559,0.843078
BWA,0.129458,30707,0.108909,0.867069
BXP,0.098110,30707,0.172940,0.554100
BXS,0.170784,30707,0.158773,0.709587
BYD,0.143163,30702,0.117369,0.973311
CA,0.129324,30707,0.052937,2.141731
CAG,0.170963,30707,0.141976,1.857162
CAH,0.147514,30707,0.127289,1.770848
CAL,0.092791,30708,0.143564,1.448359
CAM,0.074279,30707,0.120098,0.804085
CAR,0.087948,30707,0.153062,1.250350
CAT,0.052168,30707,0.044349,1.107385
CB,0.128552,30707,0.082309,1.338941
CBG,0.125077,30707,0.081042,1.405037
CBL,0.130366,30706,0.127869,1.069593
CBS,0.138596,30707,0.005623,3.726460
CBSH,0.197557,30706,0.116217,0.781160
CBT,0.160316,30706,0.094240,0.791391
CCE,0.179856,30707,0.112628,1.753053
CCI,0.138635,30707,0.076385,0.825896
CCK,0.139228,30707,0.118075,0.896876
CCL,0.111283,30707,0.124484,1.420558
CCO,0.116584,30620,0.136456,0.402246
CDNS,0.165002,30554,0.001007,3.159836
CE,0.155982,30707,0.204031,0.831796
CECO,0.130215,30707,0.099838,0.973714
CEDC,0.125050,30705,0.015498,0.893099
CEG,0.152768,30707,0.144952,1.095266
CELG,0.093310,30709,0.106022,1.298780
CENX,0.128894,30709,0.216371,1.422377
CEPH,0.111499,30707,0.025266,0.863395
CERN,0.189749,30707,0.167303,0.939977
CETV,0.128856,30498,0.128308,0.375890
CF,0.196556,30707,0.248141,0.644468
CFFN,0.022514,30694,0.000025,0.384237
CFR,0.197421,30707,0.121155,0.716902
CHD,0.191681,30707,0.132494,0.536635
CHH,0.182603,30704,0.122265,0.572135
CHK,0.078709,30708,0.168008,1.009634
CHRW,0.125645,30707,0.231071,0.836949
CI,0.112753,30707,0.169403,1.356437
CIEN,0.119756,30699,0.182935,1.357444
CINF,0.170769,30707,0.092213,1.211591
CIT,0.032486,20972,-0.000236,0.843516
CKH,0.155490,30697,0.094663,0.340559
CL,0.126281,30707,0.135258,1.082121
CLF,0.093277,30709,0.163917,1.023222
CLI,0.114859,30707,0.149601,0.507000
CLR,0.145639,30706,0.165023,0.716441
CLWR,0.147811,30706,0.110428,1.280363
CLX,0.166000,30707,0.140695,0.905472
CMA,0.104256,30707,0.128612,1.011967
CMC,0.131983,30707,0.200499,1.007482
CMCSA,0.127960,30707,0.177246,4.037807
CME,0.158752,30554,0.149056,0.413450
CMG,0.171458,30707,0.122092,0.495942
CMI,0.137435,30707,0.226622,1.085059
CMS,0.162088,30707,0.157844,1.293925
CNA,0.185162,30706,0.148262,0.605330
CNO,0.166655,30708,0.141267,1.310966
CNP,0.165346,30707,0.161859,1.285597
CNW,0.160067,30707,0.203768,0.915595
CNX,0.083677,30707,-0.009391,1.132467
COF,0.095603,30707,0.131808,1.353531
COG,0.127987,30707,0.094311,1.186813
COH,0.119729,30707,0.171656,1.523869
COL,0.158848,30707,0.182451,1.011872
COO,0.171102,30707,0.118226,0.548340
COP,0.059093,30707,0.004980,1.286315
COST,0.113660,30708,0.128036,1.161364
CPA,0.155752,30706,0.098845,0.587727
CPB,0.119405,30707,0.014791,0.926280
CPN,0.149407,30706,0.156483,2.054278
CPO,0.170090,30707,0.061576,0.736405
CPRT,0.164709,30707,0.123862,0.494363
CPT,0.157141,30707,0.191475,0.657118
CPWR,0.151861,30707,-0.001097,2.100853
CR,0.187919,30707,0.141418,0.601954
CREE,0.122911,30706,0.233185,0.546861
CRL,0.160015,30707,0.111228,0.782911
CRM,0.162247,30707,0.194201,0.942230
CRS,0.179044,30703,0.178472,0.891438
CSC,0.155373,30707,0.216969,0.893902
CSCO,0.117116,30707,0.289619,1.205858
CSE,0.135094,30702,0.097362,2.636789
CSL,0.174163,30707,0.147802,0.608245
CSX,0.085349,30707,0.072144,1.155635
CTAS,0.165955,30707,0.014050,1.533391
CTCM,0.156100,30698,0.140053,0.764185
CTL,0.154758,30707,0.018950,1.552698
CTSH,0.109896,30708,0.201440,1.021954
CTV,0.115785,30707,0.067111,0.709046
CTXS,0.098367,30707,0.006108,1.118276
CVA,0.190308,30707,0.133045,0.906478
CVC,0.156399,30707,0.133265,0.902408
CVD,0.168788,30707,0.098416,0.793666
CVG,0.193105,30707,0.162761,1.224267
CVH,0.140988,30707,0.118355,1.300310
CVS,0.129662,30707,0.194236,2.460907
CVX,0.065411,30708,0.081623,1.257199
CXG,0.164494,30687,0.095174,0.552351
CXW,0.177506,30707,0.171537,0.826338
CY,0.123178,30704,0.045079,1.609423
CYH,0.151028,30707,0.111650,0.858357
CYN,0.184054,30707,0.147630,0.745948
CYT,0.162207,30706,0.181391,0.708963
D,0.130133,30707,0.149319,1.036993
DAL,0.110630,30708,0.231376,2.674396
DBD,0.188611,30696,0.113432,0.514473
DCI,0.197010,30707,0.171929,0.688922
DD,0.083237,30707,0.108327,1.343944
DDR,0.152635,30707,0.136498,1.739060
DE,0.079772,30709,0.041768,1.123202
DEI,0.138638,30707,0.038365,0.870833
DELL,0.116031,30711,0.104311,4.008371
DF,0.151482,30707,0.159229,1.285120
DFS,0.086294,30707,0.073451,2.808297
DGX,0.141642,30707,0.145586,0.796655
DHI,0.131635,30713,0.130839,2.598342
DHR,0.149341,30707,0.198877,1.107191
DIS,0.115625,30707,0.073411,3.112504
DISCK,0.143262,30707,0.073175,0.914822
DISH,0.129968,30707,0.107413,1.737394
DKS,0.131834,30707,0.158776,0.898257
DLB,0.168853,30707,0.125906,0.537022
DLM,0.160647,30707,0.061799,0.963827
DLR,0.146479,30707,0.157710,0.588385
DLTR,0.150155,30707,0.149664,0.850190
DNB,0.199739,30707,0.121256,0.602436
DNR,0.133265,30707,0.214730,1.520870
DO,0.165588,30707,0.259827,0.939055
DOV,0.152162,30707,0.207917,0.789394
DOW,0.074469,30707,0.008408,1.367688
DOX,0.144908,30707,0.038131,0.680623
DPL,0.170353,30707,0.087767,1.126850
DPS,0.116332,30707,0.110431,1.441925
DRC,0.179998,30707,0.164682,0.747798
DRE,0.126028,30567,0.124275,1.406134
DRI,0.124304,30707,0.114811,1.179227
DST,0.193687,30707,0.122575,0.624585
DTE,0.137824,30707,0.144866,0.950316
DTV,0.095295,30707,0.154358,1.511545
DUK,0.130769,30708,0.022526,3.761186
DV,0.140035,30707,0.127505,0.643647
DVA,0.190349,30707,0.159183,0.699690
DVN,0.100312,30708,0.102195,1.253565
DWA,0.158407,30707,0.073735,0.770460
EAC,0.165617,30707,0.192909,0.556721
EAT,0.132339,30707,0.077128,1.143058
EBAY,0.114110,30686,0.143728,2.958942
ECL,0.159435,30707,0.202806,1.204356
ED,0.127985,30707,0.176361,1.077642
EFX,0.184320,30707,0.211819,0.831867
EGN,0.166657,30707,0.150825,0.594207
EIX,0.122881,30707,0.139096,1.080533
EK,0.140574,30706,0.141282,1.574175
EL,0.177678,30707,0.293560,1.084709
EMC,0.123300,30707,0.191342,1.656994
EMN,0.167476,30707,0.215261,0.808694
EMR,0.106185,30707,0.183754,1.114849
ENDP,0.156815,30707,0.131040,1.004881
ENH,0.164054,30707,0.068040,0.541547
ENR,0.183515,30707,0.164108,0.744954
EOG,0.148022,30708,0.235292,1.117304
EP,0.164949,30707,0.184226,3.263543
EQIX,0.189599,30707,0.187375,0.715091
EQR,0.079460,30707,0.134716,0.844285
EQT,0.133568,30707,0.052166,0.861505
ERIE,0.088279,30340,0.058020,0.086125
ERTS,0.112707,30708,0.152562,1.849049
ESI,0.138396,30707,0.037856,0.736600
ESRX,0.133465,30707,0.322419,0.645921
ESS,0.185362,30706,0.105144,0.587778
ESV,0.087559,30708,0.099148,1.333825
ETN,0.130917,30707,0.230388,0.821736
ETR,0.148794,30707,0.180787,0.817665
EV,0.178124,30707,0.133035,0.760498
EW,0.190382,30707,0.079534,0.643887
EXBD,0.172076,30571,0.107389,0.643871
EXC,0.093432,30707,0.026521,1.303610
EXH,0.121676,30707,0.159772,1.068199
EXP,0.176962,30707,0.136041,0.602561
EXPD,0.126924,30707,0.055931,1.308814
EXPE,0.100945,30707,0.100099,1.248450
F,0.134015,30709,0.225316,1.099616
FAF,0.153650,30707,0.085210,0.738314
FAST,0.145457,30707,0.157168,1.111321
FCE.A,0.161462,30700,0.137401,1.024620
FCN,0.167930,30707,0.148132,0.592701
FCNCA,0.056341,22973,0.006665,-0.019353
FCS,0.146645,30706,0.133175,1.140932
FCX,0.059195,30712,0.075635,1.590384
FDML,0.080469,30597,0.065998,0.571261
FDO,0.120935,30708,0.016526,1.454539
FDS,0.192975,30707,0.132582,0.628726
FDX,0.131726,30708,0.213231,1.110785
FE,0.111623,30707,0.081967,1.043993
FFIV,0.151157,30707,0.183353,1.062741
FHN,0.138581,30707,-0.014118,1.901505
FII,0.170001,30707,0.132091,1.042927
FIS,0.128221,30707,0.174887,0.779862
FISV,0.119331,30707,0.200009,0.843402
FITB,0.097994,30708,0.169659,-0.222051
FL,0.154313,30707,0.117024,1.548182
FLIR,0.127622,30707,0.043616,1.067391
FLR,0.098167,30707,0.164701,0.864944
FLS,0.220107,30707,0.189063,0.803564
FMC,0.164609,30707,0.199529,0.551766
FNF,0.173158,30707,0.076971,1.535409
FO,0.166590,30707,0.210677,0.680390
FPL,0.126090,30707,0.211511,0.875396
FRO,0.154557,30707,0.041938,0.764000
FRT,0.143792,30707,0.184655,0.473078
FRX,0.142020,30707,0.131021,1.450872
FSLR,0.181850,30705,0.246587,0.654962
FST,0.102893,30708,0.003392,0.967903
FTI,0.155403,30707,0.177045,0.981119
FTO,0.128697,30707,0.149033,0.986885
FTR,0.191852,30707,0.066949,2.195851
FULT,0.175798,30703,0.027277,1.639877
G,0.160888,30697,0.084207,0.693453
GCI,0.131852,30707,0.121899,2.530407
GD,0.128430,30707,0.139021,0.899495
GDI,0.194771,30705,0.166759,0.675274
GE,0.110718,30715,0.211053,2.086154
GEF,0.157632,30697,0.116959,0.415488
GENZ,0.100998,30707,0.174987,1.069069
GES,0.135092,30707,0.116223,0.832897
GGG,0.193269,30707,0.140480,0.673898
GILD,0.110064,30709,0.112281,2.425508
GIS,0.156660,30707,0.173739,1.097920
GLBL,0.167126,30707,0.108005,1.828837
GLG,0.062634,30675,0.061610,1.603553
GLW,0.130106,30707,0.214316,2.217620
GME,0.088261,30707,0.083642,0.950476
GMT,0.171598,30707,0.159613,0.557112
GNTX,0.158973,30704,0.195756,1.056656
GNW,0.112848,30707,0.098048,3.180869
GOOG,0.186389,30711,0.382817,0.348849
GPC,0.182285,30707,0.187928,0.968325
GPN,0.180796,30707,0.109207,0.698283
GPRO,0.124925,30707,-0.017238,0.689930
GPS,0.104605,30707,0.004975,1.636004
GR,0.134301,30707,0.173981,0.678758
GRMN,0.095232,30707,0.023165,1.070404
GS,0.097534,30711,0.178825,1.027745
GT,0.111493,30708,0.032837,1.429139
GWW,0.207911,30707,0.190477,0.698232
GXP,0.185643,30707,0.077289,1.070314
HAL,0.093647,30708,0.081924,2.815968
HANS,0.157001,30707,0.058495,1.108626
HAR,0.169489,30707,0.162348,0.794244
HAS,0.126376,30707,0.070878,0.868148
HBAN,0.136352,30706,0.139642,2.580027
HBI,0.149121,30707,0.114911,0.782264
HCBK,0.173495,30707,0.190021,1.470549
HCC,0.178764,30707,0.156293,0.524151
HCN,0.092513,30707,0.135871,0.632154
HCP,0.083836,30707,0.121261,0.852449
HD,0.124579,30715,0.137500,3.747960
HE,0.203332,30707,0.129224,0.792203
HERO,0.172063,30707,0.055033,2.560672
HES,0.079984,30707,0.028498,1.106017
HEW,0.195626,30707,0.134764,0.580232
HI,0.147361,30695,0.078663,0.401941
HIG,0.083960,30709,0.013806,1.793728
HK,0.099815,30707,0.076427,0.989761
HLF,0.176840,30707,0.109964,0.732826
HLTH,0.115788,6375,0.050366,0.249014
HLX,0.123542,30707,0.154601,1.364781
HMA,0.174096,30706,0.127681,1.674118
HNT,0.147402,30708,0.134902,0.842402
HNZ,0.121703,30707,0.051332,1.251359
HOC,0.159279,30707,0.158789,0.795825
HOG,0.097972,30707,0.161189,1.532619
HOLX,0.163851,30707,0.165572,1.742154
HON,0.106766,30707,0.096523,1.870553
HOT,0.109078,30707,0.089537,1.382842
HP,0.141762,30707,0.214912,0.724874
HPQ,0.099806,30708,0.072069,2.399550
HPT,0.116399,30707,0.107738,0.804579
HRB,0.171049,30707,0.171902,1.528919
HRC,0.183436,30706,0.128658,0.627919
HRL,0.178616,30707,0.092019,0.683728
HRP,0.174970,30707,0.144755,1.584999
HRS,0.144737,30707,0.037887,1.072150
HSC,0.179241,30707,0.170982,0.560379
HSIC,0.142345,30707,0.126597,0.647468
HSNI,0.165409,30662,0.179380,0.962184
HSP,0.174406,30707,0.150720,0.710143
HST,0.108360,30707,0.030165,3.159208
HSY,0.154069,30708,0.100546,1.111590
HTZ,0.155585,30707,0.094091,1.283539
HUB.B,0.128916,30701,0.064853,0.283726
HUM,0.110198,30707,0.181128,0.953909
HUN,0.180629,30707,0.114699,1.648436
IACI,0.130314,30707,0.134470,0.877313
IBM,0.091959,30709,0.116125,1.187408
ICE,0.163399,30707,0.002512,0.996347
IDTI,0.198278,30708,0.088583,2.328726
IDXX,0.162492,30541,0.104812,0.494836
IEX,0.195523,30707,0.147336,0.592909
IFF,0.159203,30707,0.082394,0.693663
IGT,0.120843,30707,0.001527,1.753571
IHS,0.170926,30706,0.101383,0.476883
IILG,0.061330,30461,0.018474,0.280992
ILMN,0.115280,30707,0.086879,1.094757
IM,0.159514,30708,0.088061,1.079610
IMA,0.142077,30707,0.115545,0.465101
INTC,0.122124,30714,0.286018,0.564372
INTU,0.117850,30707,0.131296,1.133502
IP,0.095645,30707,0.105540,1.153515
IPG,0.193933,30707,0.148102,2.319802
IPI,0.147135,30707,0.225074,1.100507
IRF,0.169363,30708,0.117192,0.658088
IRM,0.135372,30708,0.123292,0.650116
ISCA,0.202954,30535,-0.131002,0.375623
ISIL,0.150348,30704,0.122767,1.888606
ISRG,0.192953,30701,0.215511,0.469468
ITG,0.182206,30707,0.145808,0.656636
ITRI,0.151309,30699,0.018762,0.829387
ITT,0.159748,30707,0.217799,1.114587
ITW,0.107213,30707,0.163683,0.930180
IVZ,0.130470,30707,0.030375,1.017141
JAH,0.163650,30707,0.143781,0.643933
JAVA,0.133194,29957,0.053497,3.159246
JBHT,0.112693,30707,0.156612,0.837476
JBL,0.150987,30707,0.164230,1.556358
JBT,0.106724,30641,0.079086,0.398517
JCI,0.101071,30707,0.073325,1.273177
JCP,0.100208,30707,0.056252,1.511931
JDSU,0.178183,30709,0.016598,2.890855
JEC,0.115291,30707,0.152495,0.933513
JEF,0.140520,30707,0.133802,0.954920
JLL,0.186467,30707,0.216642,0.622586
JNJ,0.116132,30707,0.049923,2.890055
JNPR,0.101323,30707,0.053686,1.413754
JNS,0.142075,30707,0.114312,1.198594
JNY,0.127225,30707,0.139570,0.923694
JOE,0.155032,30708,0.171176,0.705400
JOYG,0.103402,30707,0.144092,0.973887
JPM,0.059384,30708,0.057798,2.283065
JW.A,0.149683,30706,0.048295,0.247435
JWN,0.124996,30709,0.071369,1.610754
K,0.153109,30707,0.094230,1.060985
KBH,0.087705,30709,0.048462,1.344033
KBR,0.127850,30707,-0.000101,0.918766
KCI,0.135180,30707,0.110283,0.663552
KEG,0.115759,30704,0.124564,1.138320
KEX,0.173928,30707,0.130207,0.609427
KEY,0.033645,30709,0.000362,0.905417
KFT,0.109517,30708,-0.000016,3.014330
KG,0.164045,30707,-0.000129,2.173447
KIM,0.112358,30707,0.000698,2.609414
KLAC,0.080405,30707,0.033591,1.264429
KMB,0.109282,30707,0.001135,1.296576
KMT,0.122734,30707,-0.003108,0.741058
KMX,0.116360,30707,0.000264,1.064309
KO,0.106542,30707,-0.000094,2.267936
KR,0.126899,30709,-0.000080,3.939890
KRC,0.147779,30706,0.001241,0.897759
KSS,0.096298,30707,0.000093,1.431435
KSU,0.135644,30707,0.000662,0.962804
KWK,0.108928,30707,0.000271,1.220668
L,0.094038,30707,-0.000247,0.994896
LAMR,0.146322,30707,0.160486,0.872747
LAZ,0.132281,30707,0.000084,0.787890
LBTYA,0.122868,30704,0.020776,1.445701
LCAPA,0.126773,30582,0.122416,0.582166
LEAP,0.102394,30707,0.071465,1.170849
LECO,0.153970,30702,0.100780,0.520045
LEG,0.122511,30707,-0.000058,1.198976
LEN,0.108550,30713,0.000065,1.846374
LH,0.158210,30707,-0.000153,0.836940
LII,0.149581,30707,0.001416,0.720977
LINTA,0.160241,30707,0.129847,2.479321
LIZ,0.151584,30707,0.000249,1.751989
LKQX,0.209165,30707,0.105469,0.946032
LLL,0.158241,30707,0.000350,1.050603
LLTC,0.089369,30707,0.105793,1.293528
LLY,0.117572,30707,-0.000130,2.343987
LM,0.110927,30707,-0.000247,1.195298
LMDIA,0.103836,13500,0.191280,2.677532
LMT,0.117568,30711,0.088565,1.292159
LNC,0.069654,30707,0.099302,0.718422
LNCR,0.162751,30706,0.088706,0.874901
LNT,0.161942,30707,-0.000119,0.842361
LO,0.155984,30707,0.156564,1.544219
LOW,0.097214,30715,-0.000334,3.419834
LPNT,0.155222,30707,0.134781,0.714683
LPS,0.167314,30707,0.165852,0.993978
LRCX,0.106838,30707,0.153906,1.192609
LRY,0.122671,30707,0.000785,0.790357
LSI,0.141812,30707,0.000028,3.089398
LSTR,0.165566,30707,0.118265,0.809021
LTD,0.107579,30707,-0.000201,1.829548
LUK,0.126216,30707,0.000133,0.754234
LUV,0.134347,30707,0.000563,2.726609
LVS,0.079527,30725,0.000066,2.362500
LXK,0.108354,30708,-0.000745,0.976324
LZ,0.163767,30707,0.001170,0.856495
M,0.092168,30707,0.000492,2.777037
MA,0.158535,30708,0.240148,0.520898
MAC,0.096359,30707,0.000177,0.831120
MAN,0.151238,30707,0.001581,0.961477
MAR,0.098842,30707,0.000728,1.353340
MAS,0.130025,30707,-0.000916,1.997327
MAT,0.124793,30701,-0.021801,1.954465
MBI,0.075051,30547,0.003484,2.835892
MCD,0.100161,30707,-0.000054,1.845483
MCHP,0.145217,30709,0.048793,2.417971
MCK,0.125094,30707,0.000002,1.212542
MCO,0.105329,30707,-0.000806,1.610039
MCY,0.196984,30706,0.100489,0.381384
MDC,0.132467,30707,-0.000185,0.778305
MDP,0.179293,30704,0.127609,0.689653
MDR,0.100936,30707,-0.000377,0.909890
MDT,0.110755,30707,-0.000060,1.781885
MDU,0.157467,30707,0.000255,0.744090
ME,0.116939,30707,0.001337,0.940006
MEE,0.091457,30707,0.000098,1.369945
MET,0.076713,30707,0.001298,1.477288
MF,0.148436,30707,-0.000036,1.212562
MFE,0.133945,30707,0.000568,1.065700
MGM,0.086335,30701,0.000746,2.972530
MHK,0.136108,30707,0.000458,0.899792
MHP,0.119236,30707,-0.000043,1.472541
MHS,0.104231,30707,0.000707,0.971319
MI,0.113928,30707,0.004999,3.816265
MIL,0.186789,30707,0.001104,0.727319
MIR,0.140518,30707,0.000158,1.010798
MKC,0.175756,30707,0.000076,0.861992
MKL,0.062825,28496,0.029805,-0.037154
MLM,0.160522,30707,0.000664,0.698530
MMC,0.167703,30707,-0.000197,2.521630
MMM,0.101120,30707,0.000958,1.230585
MO,0.056143,30708,0.000850,3.364095
MOLX,0.154573,30708,0.167973,1.097337
MON,0.103867,30707,0.000015,1.601812
MORN,0.089399,30269,0.058918,0.093527
MOS,0.091001,30708,0.001414,1.090938
MOT,0.047432,30708,0.002591,2.282420
MRK,0.094390,30707,0.000488,3.443511
MRO,0.069674,30707,-0.000302,1.285790
MRVL,0.139784,30652,0.201894,2.156995
MS,0.069632,30708,0.000005,2.983169
MSFT,0.094665,30715,0.253428,0.216691
MSM,0.165903,30707,0.001093,0.706001
MTB,0.172715,30707,0.001173,0.985969
MTD,0.159540,30706,0.001372,0.571613
MTG,0.137582,30705,-0.001127,2.198299
MTW,0.133245,30707,-0.000252,1.644599
MU,0.088866,30707,0.004333,3.129025
MUR,0.085267,30707,0.000163,0.911949
MV,0.174968,375,0.001442,2.714144
MWV,0.103231,30707,-0.000670,0.985525
MXB,0.163019,30707,0.176046,1.056588
MYL,0.163045,30707,0.196215,2.232114
NATI,0.192670,30706,0.119277,0.606226
NBL,0.126792,30707,-0.000512,1.028986
NBR,0.094624,30707,-0.000568,1.914754
NCR,0.178691,30707,-0.000775,1.716015
NDAQ,0.146369,30707,0.065280,1.840110
NEM,0.061445,30708,0.001533,1.451840
NFG,0.176200,30707,-0.000481,0.725281
NFX,0.111068,30707,-0.001138,0.997722
NHP,0.103654,30707,0.001766,0.815812
NI,0.153507,30707,0.000010,2.389489
NIHD,0.125577,30707,0.050491,1.382340
NKE,0.130449,30707,0.001287,1.549239
NLC,0.119922,30707,-0.000007,0.760497
NLY,0.105320,30708,-0.000149,1.431580
NOC,0.106531,30707,0.000046,0.954753
NOV,0.083744,30708,-0.000065,1.683500
NOVL,0.181672,30709,0.057988,2.321145
NRG,0.122839,30707,0.000957,1.536886
NSC,0.092665,30707,0.000330,1.219162
NSM,0.094575,30707,0.016597,1.961686
NSR,0.192954,30707,0.109465,0.704175
NST,0.135104,30707,-0.000048,0.808346
NTAP,0.117600,30707,0.056771,2.487854
NTRS,0.111626,30707,0.150508,1.044638
NTY,0.144264,30706,0.132939,0.583208
NU,0.179195,30707,0.172667,1.151271
NUAN,0.164904,30707,0.032949,1.824281
NUE,0.081034,30710,0.095203,1.385526
NVDA,0.058291,30708,0.041973,0.970435
NVLS,0.131030,30708,0.013488,2.119659
NVR,0.067696,28585,0.046430,-0.006525
NWL,0.119068,30707,0.104459,1.600265
NYB,0.158179,30707,0.000024,2.200494
NYT,0.137412,30707,-0.000322,1.246367
NYX,0.103287,30707,-0.000013,1.195360
OB,0.076682,30446,0.024950,0.170378
OC,0.109323,30707,0.002614,0.810555
OCR,0.146740,30707,-0.000051,1.100777
ODP,0.122925,30707,0.000837,2.946387
OEH,0.089425,30704,0.001859,0.638266
OGE,0.141270,30707,0.000284,0.591685
OI,0.110058,30707,-0.000520,1.107402
OII,0.143213,30707,0.000858,0.818282
OIS,0.121398,30707,0.000236,0.702461
OKE,0.168807,30707,0.000180,0.822838
OMC,0.118283,30707,0.001249,1.675412
OMX,0.089896,30707,0.000969,0.951300
ONNN,0.130419,30708,0.097678,2.310730
ORCL,0.093112,30708,0.197242,-0.506557
ORI,0.067448,30707,0.000766,1.160902
ORLY,0.107399,30707,0.143931,0.779510
OSG,0.155220,30707,0.001360,0.845928
OSK,0.119495,30707,-0.000456,1.253639
OXY,0.070619,30709,-0.000992,1.335750
PAG,0.116090,30706,0.001086,1.073622
PAS,0.219535,30707,0.000580,0.538211
PAYX,0.113297,30707,0.091771,1.442440
PBCT,0.122916,30709,0.166051,0.779106
PBG,0.215903,30707,0.001860,2.086553
PBI,0.147329,30707,0.000057,1.732177
PCAR,0.094031,30707,0.160476,0.895638
PCG,0.129408,30707,0.000063,1.318930
PCL,0.083395,30707,0.000753,0.920791
PCLN,0.194194,30707,0.191069,0.828471
PCP,0.161049,30707,0.002051,1.039113
PCS,0.171025,30707,0.006407,2.246504
PCU,0.106323,30707,0.001021,1.240543
PCX,0.099034,30706,0.083771,2.012097
PDCO,0.151022,30707,-0.007468,1.247083
PDE,0.094761,30707,0.000249,1.137756
PEG,0.119821,30707,0.000059,1.541367
PENN,0.144963,30556,0.097372,0.983028
PEP,0.108141,30707,0.000112,1.587829
PETM,0.130138,30707,0.166158,0.821321
PFE,0.032942,30708,0.000225,2.435480
PFG,0.080999,30707,0.000105,1.008425
PG,0.088301,30707,0.002487,1.876028
PGN,0.123554,30707,0.000070,1.346487
PGR,0.173144,30707,0.030580,2.512090
PH,0.135825,30707,-0.000765,0.999167
PHM,0.108880,30707,0.000165,3.403157
PKG,0.160736,30707,0.170627,0.887928
PKI,0.135338,30707,-0.000113,1.059884
PL,0.146692,30706,0.000419,1.021164
PLD,0.089898,30707,0.005222,2.390501
PLL,0.143307,30707,0.192617,0.911746
PM,0.066463,30707,0.061806,1.394818
PNC,0.087420,30707,0.138687,0.997593
PNR,0.195163,30707,0.192049,0.688046
PNRA,0.172729,30707,0.052832,0.828328
PNW,0.142974,30707,0.127047,0.940758
POM,0.178254,30707,0.186366,1.716691
PPDI,0.156946,30707,0.082718,1.115140
PPG,0.131808,30707,0.197922,0.993158
PPL,0.146049,30707,0.183495,1.222113
PRE,0.181618,30707,0.067603,0.630641
PRGO,0.155269,30704,0.123922,0.702328
PRU,0.118450,30709,0.200252,0.867020
PSA,0.120245,30707,0.189554,0.764735
PTEN,0.112619,30707,0.000474,2.774760
PTV,0.134739,30707,0.116536,1.030208
PVH,0.176421,30707,0.152938,0.820114
PWR,0.123377,30707,0.157465,0.838252
PX,0.190099,30707,0.345079,0.803718
PXD,0.108475,30707,0.057960,0.951750
PXP,0.107371,30707,0.179065,1.007325
Q,0.148543,30707,0.128865,-0.089270
QCOM,0.081375,30707,0.157648,1.644763
QLGC,0.114027,30708,-0.060320,1.382241
R,0.176732,30707,0.210990,0.671068
RAI,0.154518,30707,0.030934,1.282130
RCL,0.117685,30707,0.111835,1.129310
RDC,0.088782,30707,0.126028,1.222528
RE,0.172289,30707,0.080690,0.521401
REG,0.147257,30707,0.121735,0.887608
RF,0.146142,30707,0.204699,3.306724
RGC,0.165103,30707,0.150313,0.845594
RHI,0.137939,30707,0.145708,0.981843
RHT,0.097792,30708,0.125556,0.647362
RJF,0.162872,30707,0.121998,0.857181
RL,0.190374,30707,0.210686,0.810961
RMBS,0.086351,30701,0.273494,0.731582
RMD,0.190850,30707,0.108508,0.792709
RNR,0.179226,30707,0.076071,0.564431
ROK,0.161244,30707,0.196381,0.795554
ROP,0.184431,30707,0.187769,0.646921
ROST,0.104640,30707,0.106268,0.890390
RPM,0.173945,30707,0.169204,0.758650
RRC,0.111084,30707,0.193043,0.929883
RRD,0.125120,30708,0.000929,1.093209
RRI,0.182300,30707,0.080075,2.584115
RS,0.167037,30707,0.228184,0.827389
RSG,0.159244,30707,0.154245,1.802450
RSH,0.115614,30707,0.137499,1.263924
RTN,0.107813,30707,0.131456,0.986671
RX,0.208566,30707,0.327498,0.616189
RYN,0.139177,30707,0.145590,0.631341
S,0.152157,30709,0.163849,15.404313
SAI,0.176477,30707,0.063418,1.581528
SATS,0.128822,30367,0.081790,0.483373
SBAC,0.133481,30707,0.073949,1.002589
SBUX,0.100355,30707,0.166333,1.399089
SCG,0.138182,30707,0.153551,0.798801
SCHN,0.147647,30707,0.147654,0.938809
SCHW,0.139262,30707,0.172447,2.613300
SCI,0.184863,30705,0.138920,1.051256
SCS,0.159693,30694,0.141702,0.584574
SD,0.093781,30708,0.068090,2.131663
SE,0.145201,30707,0.230920,2.399537
SEE,0.121364,30707,0.153464,0.742279
SEIC,0.196474,30582,0.131160,1.355325
SEPR,0.519053,5250,0.008470,51.307318
SFD,0.138418,30707,0.091529,1.111120
SFG,0.192038,30707,0.153171,0.593136
SGMS,0.149021,30707,0.106324,1.107830
SGP,0.133623,9000,0.219985,2.631410
SHLD,0.179321,30712,0.232188,0.737558
SHW,0.170538,30707,0.245999,0.786997
SIAL,0.121326,30707,0.150347,0.634045
SIG,0.152321,30703,0.081488,0.507606
SII,0.073730,30707,0.107733,1.169489
SJM,0.157500,30707,0.139580,0.638191
SKS,0.178047,30707,0.123431,2.084884
SLAB,0.161881,30708,0.115302,0.970990
SLB,0.079505,30707,0.057856,1.908855
SLE,0.109318,30707,-0.000057,1.219888
SLG,0.116759,30707,0.002061,0.968032
SLM,0.144037,30708,-0.001551,2.291686
SM,0.172927,30707,0.000310,1.161852
SMG,0.170972,30707,0.158827,0.498201
SNA,0.148818,30707,0.000587,0.797583
SNDK,0.093340,30713,0.084854,2.084046
SNI,0.182505,30707,0.175581,1.259112
SNPS,0.161468,30707,0.117275,0.985950
SO,0.110401,30707,0.000064,2.012262
SOHU,0.150366,30707,0.038752,1.011909
SON,0.170507,30706,-0.000880,0.790095
SPG,0.089162,30707,0.001964,1.234741
SPLS,0.099956,30707,0.006777,1.828489
SPN,0.137208,30707,0.133590,0.721300
SPR,0.155659,30707,0.000613,0.794554
SPW,0.189703,30707,0.222140,0.578622
SRCL,0.169126,30588,0.057536,0.873806
SRE,0.117512,30707,0.139295,0.944496
SSP,0.082600,30617,0.007122,0.544244
STI,0.086236,30707,0.085704,1.180056
STJ,0.108671,30707,0.050057,1.170013
STLD,0.125498,30707,0.184004,2.267669
STR,0.146218,30707,0.178792,0.939971
STRA,0.127335,30530,0.140787,0.176890
STT,0.082982,30709,0.079715,0.866403
STU,0.071233,27926,0.032317,0.012666
STX,0.112201,30708,0.117501,2.269613
STZ,0.142228,30707,0.140916,1.232099
SUG,0.176884,30707,0.132503,0.687456
SUN,0.105152,30707,0.153413,0.992511
SVU,0.152291,30707,0.123994,1.825673
SWK,0.151113,30707,0.148405,0.764481
SWN,0.068008,30708,0.060400,0.991212
SWY,0.137762,30707,0.180304,1.747694
SYK,0.128570,30707,0.204868,0.856119
SYMC,0.120235,30709,0.196143,0.887901
SYY,0.135082,30708,0.079598,1.852988
T,0.100663,30707,0.202526,0.852721
TAP,0.155117,30707,0.150956,0.766270
TCB,0.163661,30707,0.099554,1.127083
TCO,0.158572,30707,0.156250,0.601297
TDC,0.143391,30707,0.145846,1.466008
TDS,0.209785,30707,0.133051,0.525463
TDW,0.166175,30707,0.207060,0.655219
TE,0.176056,30707,0.111216,1.441682
TECD,0.170686,30708,0.079638,0.910981
TECH,0.135481,30532,0.133630,0.250523
TEG,0.189356,30707,0.172085,0.659403
TER,0.158984,30708,0.085342,2.586479
TEX,0.117747,30707,0.153865,1.162861
TFSL,0.201537,30706,0.091882,0.999263
TFX,0.189776,30706,0.090398,0.512254
TGT,0.069125,30707,0.054768,1.043252
THC,0.188381,30707,0.180571,1.555325
THG,0.170278,30707,0.042271,0.465726
THI,0.169834,30714,0.035369,0.903465
THO,0.145000,30703,0.136806,0.642730
TIE,0.167411,30707,0.247929,1.176230
TIF,0.101946,30707,0.118406,0.522888
TIN,0.121699,30708,0.043341,1.041491
TJX,0.105572,30707,0.123306,1.085455
TK,0.148631,30704,0.104748,0.666470
TKR,0.167130,30707,0.177968,0.701270
TKTM,0.034403,29515,0.014616,0.411420
TLAB,0.151192,30707,0.032014,3.599042
TMK,0.161582,30707,0.126069,0.592753
TMO,0.119168,30707,0.114615,1.078131
TNB,0.173489,30707,0.114616,0.675539
TOL,0.103218,30709,0.091393,1.311785
TRA,0.118982,30707,0.022099,1.054950
TREE,0.008306,26736,0.000159,-0.066563
TRH,0.162291,30707,0.074419,0.443005
TRMB,0.127624,30695,0.065343,0.856010
TRN,0.152012,30707,0.111691,0.943618
TROW,0.100002,30707,0.173775,0.771558
TRV,0.093694,30708,-0.002787,1.161975
TRW,0.139137,30707,0.230202,0.926895
TSN,0.165129,30707,0.163465,1.575731
TSO,0.115659,30707,0.172085,1.495283
TSS,0.157592,30706,0.126307,1.052242
TTC,0.168645,30707,0.090474,0.602812
TTI,0.113565,30703,0.000470,0.759238
TWC,0.123176,30707,0.135411,0.886089
TWX,0.115473,30707,-0.012504,1.760373
TXN,0.076064,30708,-0.000265,3.013475
TXT,0.110288,30709,-0.001181,1.475565
UDR,0.114196,30707,-0.000048,1.262157
UFS,0.139581,30711,0.228321,0.905620
UGI,0.170784,30707,0.113272,0.968295
UHS,0.164419,30707,0.093340,0.726781
UIS,0.091118,30705,-0.000201,0.670194
UNH,0.077717,30709,0.001453,1.763648
UNM,0.111589,30707,0.000128,1.429310
UNP,0.094822,30707,0.000402,1.355121
UNT,0.170632,30707,0.000375,0.999697
UPS,0.074596,30707,0.000863,1.048265
URBN,0.087689,30708,0.059561,1.004877
URI,0.138384,30706,0.000524,1.105646
URS,0.138139,30707,0.000205,0.859694
USB,0.104543,30707,-0.000283,3.280937
USG,0.124566,30707,0.004624,1.085671
USM,0.068910,30594,0.002229,0.202918
UST,0.067347,2250,-0.000258,0.264528
UTIW,0.157165,30705,0.044909,0.936276
UTR,0.228445,4875,0.129669,0.672731
UTX,0.089444,30707,-0.000521,1.391192
V,0.108068,30707,0.051089,1.656720
VAL,0.158279,30707,0.000192,0.815763
VAR,0.168871,30707,-0.000022,1.152928
VFC,0.149621,30707,-0.000136,0.737525
VHI,0.046942,28540,0.023310,-0.192061
VIA.B,0.143206,30707,0.181942,1.108869
VLO,0.098518,30709,-0.000501,4.054240
VLY,0.166042,30707,0.000055,0.995393
VMC,0.146533,30707,0.000900,1.129495
VMED,0.126822,30708,0.033863,2.289788
VMI,0.151527,30706,0.001060,0.652439
VMW,0.134955,30707,0.143438,1.345763
VNO,0.090894,30707,0.002047,0.934322
VRSN,0.122956,30708,0.112006,1.603117
VRTX,0.118426,30707,0.125653,0.907227
VSEA,0.152102,30707,0.166401,0.836320
VSH,0.161770,30708,0.000061,1.799939
VTR,0.085815,30707,0.001860,0.891437
VVC,0.193216,30707,0.002173,0.713874
VZ,0.111850,30707,0.116590,3.489278
WAG,0.116046,30708,0.137952,1.966785
WAT,0.160441,3750,0.114814,0.780856
WBC,0.165450,30706,0.151969,1.068396
WBMD,0.078775,30569,0.065816,0.084005
WBS,0.119052,30707,0.060340,0.724360
WCC,0.189381,30706,0.179516,0.709673
WCG,0.167126,30707,0.139671,0.751229
WCRX,0.136698,30717,-0.009642,0.998378
WDC,0.117553,30708,0.182886,1.148257
WDR,0.173555,30707,0.116164,0.619374
WEC,0.162410,30707,0.151396,0.743840
WEN,0.155050,30707,0.124279,3.025487
WFC,0.964101,30718,1.311063,10.537728
WFMI,0.105363,30707,0.140723,0.959075
WFR,0.127176,30708,0.208314,1.331340
WFSL,0.169388,30658,0.040097,1.248915
WFT,0.099906,30708,0.146647,3.063359
WHR,0.201149,30707,0.206983,0.938760
WIN,0.163273,30650,0.113379,1.399264
WL,0.141041,30707,0.107605,0.746574
WLL,0.193505,30707,0.204893,0.783089
WLP,0.101553,30708,0.129576,1.220966
WLT,0.152643,30707,0.226645,0.777720
WM,0.163822,30707,0.227383,1.685906
WMB,0.117739,5120,0.291555,0.838179
WMG,0.116115,30585,0.117404,0.362540
WMT,0.091103,30712,0.043019,2.520618
WOOF,0.160154,30706,0.104418,0.763879
WPI,0.146162,30707,0.118254,0.822951
WPO,0.088962,30178,0.068128,0.046426
WRB,0.161940,30707,0.036177,0.895766
WRI,0.115531,30707,0.121939,0.819829
WSC,0.000909,4783,-0.001340,-0.000397
WSM,0.130538,30707,0.097543,1.147343
WTI,0.154236,30704,0.201279,0.901862
WTM,0.072232,26075,0.036746,-0.023691
WTNY,0.182860,30706,0.121044,1.138679
WTR,0.200758,30707,0.105964,1.284109
WTW,0.168192,30707,0.079036,0.352132
WU,0.148319,30708,0.161026,1.813602
WY,0.124776,30707,0.094303,1.080787
WYE,0.133088,4125,0.199824,3.497534
WYN,0.129350,30707,0.110610,1.163325
WYNN,0.116859,30706,0.213921,0.806353
X,0.058561,30713,0.072780,1.716000
XEC,0.151138,30707,0.187688,0.687515
XEL,0.167087,30707,0.169269,2.033131
XL,0.128849,30707,0.127807,1.492486
XLNX,0.094050,30708,0.002726,2.131546
XOM,0.048064,30709,0.016978,1.115931
XRAY,0.163616,30707,0.085773,1.151165
XRX,0.154493,30708,0.205163,1.456363
XTO,0.063230,30708,0.029548,1.397194
Y,0.082309,27568,0.047789,-0.018630
YHOO,0.134369,30708,0.195222,2.362272
YUM,0.127702,30707,0.085168,1.700101
ZBRA,0.190897,30707,0.057244,0.669669
ZION,0.119467,30707,0.095768,1.741761
ZMH,0.133779,30707,0.041407,1.030659
